13427
47717
61599
46854
7503
106905
23652
50111
84569
77249
79079

44381
47241
41328
108528
39754
77250
108340
95517
20771
51075

24421
85229
27693
104091
108281
7060
35386
87157
25756
90528

44965
18352
77756
88316
38354
108483
21754
90856
23922
78527

94052
15352
74114
93615
10854
109112
24413
110292
67136
8201

79842
22396
45446
30375
78441
14650
16972
2852
52284
30212

[84739,12118,54416,108761,28898,48586,20314,20988,73032,2673
54024,33807,83338,48702,107410,107257,110737,15301,7129,12015,
27554,48432,109182,6851,63618,25906,67012,3805,71463,78980,
3524,53426,25657,91791,66510,86871,69615,58872,56891,21788,
32038,47336,20726,37701,84155,70931,87284,73001,90768,83395,
100924,23658,92395,86052,17951,36114,4632,74260,68034, 22321]

[58250,28095,107460,25979,67926,108224,2704,11836,36331,32031,27314,29635,35146,51008,66299,84499,75735,103268,61405,83737,93394,74357,49792,44511,103094,45731,106649,108313,49555,66080,52799,14233,20348,99895,50951,85573,73168,64904,53148,22241,94509,109182,75831,97779,89472,37096,54207,93184,88205,12240,49229,32001,58455,100626,102439,76078,21240,54239,21157,54325]

[64182,34024,52513,21657,12997,108999,11849,1013,111997,108835,73956,58563,64039,54369,45814,66008,70445,3252,97145,78735,72300,105591,65540,4732,21470,96922,84788,30328,25197,1434,70978,22057,104325,88837,49792,12806,61858,20015,46494,99078,2726,89918,31465,33747,48850,77783,79164,61700,56733,48681,110836,100784,40344,56853,58045,87345,48504,25872,101330,18321]

[[45231,91731,27656,34851,66360,80662,350,53125,25615,75940],
[71759,60301,81930,107643,55323,102906,70654,49612,25160,49607],
[25132,2483,70253,34337,71381,33207,25841,3629,54032,111924],
[90975,18021,86785,60188,77658,59590,34485,11621,52204,22569],
[57852,49704,90675,41810,107522,111326,93690,46482,14346,77022],
[37999,73324,21339,1976,42618,87008,111248,37214,110050,1457]]

[30212,84739,12118,54416,108761,28898,48586,20314,20988,73032,2673,54024,33807,83338,48702,107410,107257,110737,15301,7129,12015,27554,48432,109182,6851,63618,25906,67012,3805,71463,78980,73524,53426,25657,91791,66510,86871,69615,58872,56891,21788,32038,47336,20726,37701,84155,70931,87284,73001,90768,83395,100924,23658,92395,86052,17951,36114,4632,74260,68034,58250,28095,107460,25979,67926,108224,2704,11836,36331,32031,27314,29635,35146,51008,66299,84499,75735,103268,61405,83737,93394,74357,49792,44511,103094,45731,106649,108313,49555,66080,52799,14233,20348,99895,50951,85573,73168,64904,53148,22241,94509,109182,75831,97779,89472,37096,54207,93184,88205,12240,49229,32001,58455,100626,102439,76078,21240,54239,21157,54325]